0 0
0.012345679012345678 0.0
0.018518518518518517 -0.010691671651659736
0.024691358024691357 0.0
0.037037037037037035 0.0
0.043209876543209874 -0.010691671651659735
0.037037037037037035 -0.021383343303319473
0.04938271604938271 -0.02138334330331947
0.05555555555555555 -0.032075014954979206
0.06172839506172839 -0.021383343303319473
0.07407407407407407 -0.021383343303319473
0.06790123456790123 -0.010691671651659736
0.07407407407407407 0.0
0.08641975308641975 0.0
0.09259259259259259 -0.010691671651659736
0.09876543209876543 0.0
0.1111111111111111 0.0
0.11728395061728394 -0.010691671651659738
0.1111111111111111 -0.021383343303319473
0.12345679012345678 -0.021383343303319476
0.12962962962962962 -0.03207501495497921
0.12345679012345678 -0.042766686606638946
0.11111111111111112 -0.04276668660663895
0.11728395061728396 -0.05345835825829868
0.11111111111111112 -0.06415002990995841
0.1234567901234568 -0.06415002990995841
0.12962962962962962 -0.07484170156161815
0.13580246913580246 -0.06415002990995843
0.14814814814814814 -0.06415002990995843
0.15432098765432098 -0.07484170156161817
0.14814814814814814 -0.08553337321327789
0.16049382716049382 -0.08553337321327789
0.16666666666666666 -0.09622504486493763
0.1728395061728395 -0.08553337321327789
0.1851851851851852 -0.08553337321327789
0.17901234567901234 -0.07484170156161815
0.18518518518518517 -0.06415002990995841
0.19753086419753085 -0.06415002990995841
0.2037037037037037 -0.07484170156161815
0.20987654320987653 -0.06415002990995841
0.2222222222222222 -0.06415002990995841
0.21604938271604937 -0.05345835825829868
0.2222222222222222 -0.04276668660663894
0.20987654320987653 -0.042766686606638946
0.2037037037037037 -0.032075014954979206
0.20987654320987653 -0.021383343303319473
0.2222222222222222 -0.021383343303319473
0.21604938271604937 -0.010691671651659736
0.2222222222222222 0.0
0.2345679012345679 0.0
0.24074074074074073 -0.010691671651659736
0.24691358024691357 0.0
0.25925925925925924 0.0
0.2654320987654321 -0.010691671651659735
0.25925925925925924 -0.02138334330331948
0.2716049382716049 -0.02138334330331947
0.2777777777777778 -0.032075014954979206
0.2839506172839506 -0.021383343303319473
0.2962962962962963 -0.021383343303319462
0.29012345679012347 -0.010691671651659736
0.2962962962962963 0.0
0.30864197530864196 0.0
0.31481481481481477 -0.010691671651659736
0.32098765432098764 0.0
0.3333333333333333 0.0
0.3395061728395062 -0.010691671651659735
0.3333333333333333 -0.02138334330331948
0.345679012345679 -0.02138334330331947
0.35185185185185186 -0.032075014954979206
0.345679012345679 -0.04276668660663894
0.3333333333333333 -0.04276668660663893
0.3395061728395062 -0.05345835825829867
0.3333333333333333 -0.06415002990995841
0.345679012345679 -0.06415002990995841
0.35185185185185186 -0.07484170156161815
0.35802469135802467 -0.06415002990995841
0.37037037037037035 -0.06415002990995841
0.3765432098765432 -0.07484170156161815
0.3703703703703704 -0.08553337321327789
0.38271604938271603 -0.08553337321327788
0.3888888888888889 -0.09622504486493762
0.38271604938271603 -0.10691671651659736
0.3703703703703704 -0.10691671651659734
0.3765432098765432 -0.11760838816825708
0.37037037037037035 -0.12830005981991682
0.35802469135802467 -0.12830005981991682
0.3518518518518518 -0.11760838816825707
0.34567901234567894 -0.1283000598199168
0.33333333333333326 -0.1283000598199168
0.3395061728395061 -0.13899173147157654
0.3333333333333333 -0.1496834031232363
0.34567901234567894 -0.1496834031232363
0.3518518518518518 -0.16037507477489604
0.34567901234567894 -0.17106674642655578
0.3333333333333333 -0.17106674642655578
0.3395061728395061 -0.18175841807821552
0.33333333333333326 -0.19245008972987526
0.34567901234567894 -0.19245008972987526
0.35185185185185175 -0.203141761381535
0.3580246913580246 -0.19245008972987526
0.3703703703703703 -0.19245008972987526
0.37654320987654316 -0.203141761381535
0.3703703703703703 -0.21383343303319474
0.382716049382716 -0.21383343303319474
0.38888888888888884 -0.22452510468485448
0.3950617283950617 -0.21383343303319474
0.4074074074074074 -0.21383343303319474
0.4012345679012345 -0.20314176138153497
0.4074074074074074 -0.19245008972987523
0.41975308641975306 -0.19245008972987523
0.42592592592592593 -0.20314176138153497
0.43209876543209874 -0.19245008972987523
0.4444444444444444 -0.19245008972987523
0.4506172839506173 -0.20314176138153497
0.4444444444444445 -0.21383343303319471
0.4567901234567901 -0.21383343303319471
0.46296296296296297 -0.22452510468485445
0.4567901234567901 -0.2352167763365142
0.4444444444444445 -0.23521677633651417
0.4506172839506173 -0.2459084479881739
0.4444444444444444 -0.25660011963983365
0.4567901234567901 -0.25660011963983365
0.4629629629629629 -0.2672917912914934
0.4691358024691358 -0.25660011963983365
0.48148148148148145 -0.25660011963983365
0.4876543209876543 -0.2672917912914934
0.48148148148148145 -0.2779834629431531
0.49382716049382713 -0.2779834629431531
0.5 -0.28867513459481287
0.5061728395061729 -0.2779834629431531
0.5185185185185186 -0.2779834629431531
0.5123456790123456 -0.2672917912914934
0.5185185185185185 -0.25660011963983365
0.5308641975308642 -0.25660011963983365
0.537037037037037 -0.2672917912914934
0.5432098765432098 -0.25660011963983365
0.5555555555555556 -0.25660011963983365
0.5493827160493827 -0.24590844798817393
0.5555555555555556 -0.2352167763365142
0.54320987654321 -0.2352167763365142
0.5370370370370371 -0.22452510468485448
0.54320987654321 -0.21383343303319474
0.5555555555555556 -0.21383343303319474
0.5493827160493827 -0.203141761381535
0.5555555555555556 -0.19245008972987526
0.5679012345679012 -0.19245008972987526
0.5740740740740741 -0.20314176138153497
0.5802469135802469 -0.19245008972987526
0.5925925925925926 -0.19245008972987526
0.5987654320987654 -0.203141761381535
0.5925925925925926 -0.21383343303319477
0.6049382716049383 -0.21383343303319471
0.6111111111111112 -0.22452510468485445
0.617283950617284 -0.21383343303319471
0.6296296296296298 -0.21383343303319471
0.6234567901234568 -0.20314176138153497
0.6296296296296297 -0.19245008972987523
0.6419753086419753 -0.19245008972987523
0.6481481481481481 -0.20314176138153495
0.654320987654321 -0.19245008972987523
0.6666666666666666 -0.19245008972987523
0.6604938271604938 -0.1817584180782155
0.6666666666666667 -0.17106674642655578
0.654320987654321 -0.17106674642655578
0.6481481481481481 -0.16037507477489604
0.654320987654321 -0.1496834031232363
0.6666666666666667 -0.1496834031232363
0.6604938271604938 -0.13899173147157656
0.6666666666666666 -0.12830005981991682
0.6543209876543209 -0.12830005981991682
0.6481481481481481 -0.11760838816825707
0.6419753086419753 -0.12830005981991682
0.6296296296296295 -0.12830005981991682
0.6234567901234567 -0.1176083881682571
0.6296296296296295 -0.10691671651659737
0.6172839506172839 -0.10691671651659736
0.611111111111111 -0.09622504486493763
0.6172839506172839 -0.08553337321327789
0.6296296296296295 -0.08553337321327788
0.6234567901234567 -0.07484170156161815
0.6296296296296295 -0.06415002990995841
0.6419753086419753 -0.06415002990995841
0.6481481481481481 -0.07484170156161817
0.6543209876543209 -0.06415002990995843
0.6666666666666666 -0.06415002990995843
0.6604938271604938 -0.053458358258298685
0.6666666666666667 -0.04276668660663895
0.654320987654321 -0.042766686606638946
0.6481481481481481 -0.032075014954979206
0.654320987654321 -0.021383343303319473
0.6666666666666667 -0.021383343303319462
0.6604938271604938 -0.010691671651659736
0.6666666666666666 0.0
0.6790123456790124 0.0
0.6851851851851851 -0.010691671651659754
0.691358024691358 0.0
0.7037037037037037 0.0
0.7098765432098766 -0.01069167165165974
0.7037037037037037 -0.02138334330331947
0.7160493827160493 -0.02138334330331948
0.7222222222222222 -0.03207501495497922
0.7283950617283951 -0.02138334330331948
0.7407407407407407 -0.02138334330331947
0.7345679012345678 -0.01069167165165974
0.7407407407407407 0.0
0.7530864197530864 0.0
0.7592592592592593 -0.010691671651659754
0.7654320987654321 0.0
0.7777777777777778 0.0
0.7839506172839507 -0.010691671651659738
0.7777777777777777 -0.021383343303319466
0.7901234567901234 -0.021383343303319476
0.7962962962962963 -0.03207501495497921
0.7901234567901234 -0.04276668660663894
0.7777777777777777 -0.04276668660663894
0.7839506172839507 -0.05345835825829867
0.7777777777777778 -0.0641500299099584
0.7901234567901234 -0.06415002990995841
0.7962962962962963 -0.07484170156161814
0.8024691358024691 -0.06415002990995841
0.8148148148148148 -0.06415002990995843
0.8209876543209876 -0.07484170156161817
0.8148148148148147 -0.08553337321327789
0.8271604938271604 -0.0855333732132779
0.8333333333333333 -0.09622504486493764
0.8395061728395061 -0.0855333732132779
0.8518518518518519 -0.0855333732132779
0.8456790123456789 -0.07484170156161818
0.8518518518518517 -0.06415002990995844
0.8641975308641975 -0.06415002990995844
0.8703703703703702 -0.07484170156161819
0.8765432098765431 -0.06415002990995844
0.8888888888888888 -0.06415002990995844
0.882716049382716 -0.0534583582582987
0.8888888888888888 -0.042766686606638966
0.8765432098765432 -0.04276668660663896
0.8703703703703703 -0.03207501495497922
0.8765432098765432 -0.02138334330331948
0.8888888888888888 -0.02138334330331947
0.882716049382716 -0.01069167165165974
0.8888888888888888 0.0
0.9012345679012346 0.0
0.9074074074074074 -0.010691671651659754
0.9135802469135802 0.0
0.9259259259259259 0.0
0.9320987654320988 -0.01069167165165974
0.9259259259259258 -0.02138334330331947
0.9382716049382716 -0.02138334330331948
0.9444444444444444 -0.03207501495497922
0.9506172839506173 -0.02138334330331948
0.962962962962963 -0.02138334330331947
0.95679012345679 -0.01069167165165974
0.9629629629629629 0.0
0.9753086419753086 0.0
0.9814814814814814 -0.010691671651659754
0.9876543209876543 0.0
1 0
0.9938271604938271 0.010691671651659735
1.0 0.021383343303319462
0.9876543209876544 0.02138334330331947
0.9814814814814815 0.032075014954979206
0.9876543209876544 0.04276668660663894
1.0 0.042766686606638946
0.9938271604938271 0.05345835825829867
1.0 0.06415002990995841
0.9876543209876543 0.06415002990995841
0.9814814814814814 0.07484170156161817
0.9753086419753086 0.06415002990995841
0.9629629629629629 0.06415002990995841
0.95679012345679 0.07484170156161815
0.962962962962963 0.08553337321327788
0.9506172839506173 0.08553337321327788
0.9444444444444444 0.09622504486493762
0.9506172839506173 0.10691671651659736
0.962962962962963 0.10691671651659736
0.95679012345679 0.11760838816825708
0.9629629629629629 0.12830005981991682
0.9753086419753086 0.12830005981991682
0.9814814814814814 0.11760838816825707
0.9876543209876543 0.12830005981991682
1.0 0.12830005981991682
0.9938271604938271 0.13899173147157656
1.0 0.1496834031232363
0.9876543209876544 0.1496834031232363
0.9814814814814815 0.16037507477489604
0.9876543209876544 0.17106674642655578
1.0 0.17106674642655578
0.9938271604938271 0.1817584180782155
1.0 0.19245008972987523
0.9876543209876544 0.19245008972987523
0.9814814814814815 0.20314176138153495
0.9753086419753086 0.19245008972987523
0.962962962962963 0.19245008972987523
0.9567901234567902 0.20314176138153497
0.962962962962963 0.21383343303319471
0.9506172839506173 0.2138334330331947
0.9444444444444444 0.22452510468485443
0.9382716049382716 0.2138334330331947
0.9259259259259258 0.2138334330331947
0.9320987654320988 0.20314176138153497
0.9259259259259259 0.19245008972987523
0.9135802469135803 0.19245008972987523
0.9074074074074074 0.20314176138153495
0.9012345679012346 0.19245008972987523
0.888888888888889 0.19245008972987523
0.8827160493827161 0.20314176138153497
0.8888888888888891 0.21383343303319471
0.8765432098765433 0.21383343303319471
0.8703703703703705 0.22452510468485445
0.8765432098765433 0.2352167763365142
0.8888888888888891 0.23521677633651417
0.8827160493827161 0.2459084479881739
0.888888888888889 0.25660011963983365
0.8765432098765432 0.25660011963983365
0.8703703703703705 0.2672917912914934
0.8641975308641976 0.25660011963983365
0.8518518518518519 0.25660011963983365
0.845679012345679 0.2672917912914934
0.8518518518518519 0.2779834629431531
0.8395061728395062 0.2779834629431531
0.8333333333333334 0.28867513459481287
0.8395061728395062 0.2993668062464726
0.8518518518518519 0.2993668062464726
0.845679012345679 0.31005847789813235
0.8518518518518519 0.3207501495497921
0.8641975308641976 0.3207501495497921
0.8703703703703705 0.31005847789813235
0.8765432098765432 0.32075014954979203
0.888888888888889 0.32075014954979203
0.8827160493827161 0.33144182120145177
0.8888888888888891 0.3421334928531115
0.8765432098765433 0.3421334928531115
0.8703703703703705 0.35282516450477125
0.8765432098765433 0.363516836156431
0.8888888888888891 0.363516836156431
0.8827160493827161 0.37420850780809073
0.888888888888889 0.38490017945975047
0.9012345679012346 0.38490017945975047
0.9074074074074074 0.37420850780809073
0.9135802469135803 0.38490017945975047
0.9259259259259259 0.38490017945975047
0.9320987654320988 0.37420850780809073
0.9259259259259258 0.363516836156431
0.9382716049382716 0.36351683615643104
0.9444444444444444 0.3528251645047713
0.9506172839506173 0.36351683615643104
0.962962962962963 0.363516836156431
0.9567901234567902 0.37420850780809073
0.962962962962963 0.38490017945975047
0.9753086419753086 0.38490017945975047
0.9814814814814815 0.37420850780809073
0.9876543209876544 0.38490017945975047
1.0 0.38490017945975047
0.9938271604938271 0.3955918511114102
1.0 0.40628352276306995
0.9876543209876544 0.40628352276306995
0.9814814814814815 0.4169751944147297
0.9876543209876544 0.42766686606638943
1.0 0.42766686606638943
0.9938271604938271 0.43835853771804917
1.0 0.4490502093697089
0.9876543209876543 0.4490502093697089
0.9814814814814814 0.4597418810213686
0.9753086419753086 0.44905020936970885
0.9629629629629629 0.44905020936970885
0.95679012345679 0.4597418810213686
0.962962962962963 0.47043355267302833
0.9506172839506173 0.47043355267302833
0.9444444444444444 0.48112522432468807
0.9506172839506173 0.4918168959763478
0.962962962962963 0.4918168959763478
0.95679012345679 0.5025085676280076
0.9629629629629629 0.5132002392796673
0.9753086419753086 0.5132002392796673
0.9814814814814814 0.5025085676280076
0.9876543209876543 0.5132002392796673
1.0 0.5132002392796673
0.9938271604938271 0.523891910931327
1.0 0.5345835825829868
0.9876543209876544 0.5345835825829868
0.9814814814814815 0.5452752542346465
0.9876543209876544 0.5559669258863063
1.0 0.5559669258863063
0.9938271604938271 0.566658597537966
1.0 0.5773502691896257
0.9876543209876544 0.5773502691896257
0.9814814814814815 0.5880419408412855
0.9753086419753086 0.5773502691896257
0.962962962962963 0.5773502691896257
0.9567901234567902 0.5880419408412855
0.962962962962963 0.5987336124929453
0.9506172839506173 0.5987336124929452
0.9444444444444444 0.609425284144605
0.9382716049382716 0.5987336124929452
0.9259259259259258 0.5987336124929452
0.9320987654320988 0.5880419408412855
0.9259259259259259 0.5773502691896257
0.9135802469135803 0.5773502691896257
0.9074074074074074 0.5880419408412855
0.9012345679012346 0.5773502691896257
0.888888888888889 0.5773502691896257
0.8827160493827161 0.5880419408412855
0.8888888888888891 0.5987336124929452
0.8765432098765433 0.5987336124929452
0.8703703703703705 0.609425284144605
0.8765432098765433 0.6201169557962647
0.8888888888888891 0.6201169557962647
0.8827160493827161 0.6308086274479244
0.888888888888889 0.6415002990995842
0.8765432098765432 0.6415002990995842
0.8703703703703705 0.6521919707512439
0.8641975308641976 0.6415002990995842
0.8518518518518519 0.6415002990995842
0.845679012345679 0.6521919707512439
0.8518518518518519 0.6628836424029037
0.8395061728395062 0.6628836424029037
0.8333333333333334 0.6735753140545634
0.8271604938271605 0.6628836424029037
0.8148148148148149 0.6628836424029037
0.8209876543209877 0.6521919707512439
0.8148148148148149 0.6415002990995842
0.8024691358024691 0.6415002990995842
0.7962962962962963 0.6521919707512439
0.7901234567901235 0.6415002990995842
0.7777777777777778 0.6415002990995842
0.7839506172839507 0.6308086274479244
0.7777777777777777 0.6201169557962647
0.7901234567901234 0.6201169557962647
0.7962962962962963 0.609425284144605
0.7901234567901234 0.5987336124929452
0.7777777777777777 0.5987336124929452
0.7839506172839507 0.5880419408412855
0.7777777777777778 0.5773502691896257
0.7654320987654322 0.5773502691896257
0.7592592592592593 0.5880419408412855
0.7530864197530864 0.5773502691896257
0.7407407407407408 0.5773502691896257
0.7345679012345679 0.5880419408412855
0.7407407407407409 0.5987336124929452
0.7283950617283952 0.5987336124929452
0.7222222222222223 0.609425284144605
0.7160493827160495 0.5987336124929452
0.7037037037037037 0.5987336124929453
0.7098765432098766 0.5880419408412855
0.7037037037037037 0.5773502691896257
0.6913580246913581 0.5773502691896257
0.6851851851851852 0.5880419408412855
0.6790123456790124 0.5773502691896257
0.6666666666666667 0.5773502691896257
0.6604938271604939 0.5880419408412855
0.6666666666666667 0.5987336124929452
0.6543209876543211 0.5987336124929452
0.6481481481481483 0.609425284144605
0.6543209876543211 0.6201169557962647
0.6666666666666667 0.6201169557962647
0.6604938271604939 0.6308086274479244
0.6666666666666667 0.6415002990995842
0.654320987654321 0.6415002990995842
0.6481481481481481 0.6521919707512439
0.6419753086419754 0.6415002990995842
0.6296296296296297 0.6415002990995842
0.6234567901234568 0.6521919707512439
0.6296296296296298 0.6628836424029037
0.617283950617284 0.6628836424029037
0.6111111111111112 0.6735753140545634
0.617283950617284 0.6842669857062231
0.6296296296296298 0.6842669857062231
0.6234567901234568 0.6949586573578829
0.6296296296296297 0.7056503290095426
0.6419753086419754 0.7056503290095426
0.6481481481481481 0.6949586573578829
0.654320987654321 0.7056503290095426
0.6666666666666667 0.7056503290095426
0.6604938271604939 0.7163420006612023
0.6666666666666667 0.7270336723128621
0.6543209876543211 0.7270336723128621
0.6481481481481483 0.7377253439645218
0.6543209876543211 0.7484170156161816
0.6666666666666667 0.7484170156161816
0.6604938271604939 0.7591086872678413
0.6666666666666667 0.769800358919501
0.654320987654321 0.769800358919501
0.6481481481481481 0.7804920305711608
0.6419753086419754 0.769800358919501
0.6296296296296297 0.769800358919501
0.6234567901234568 0.7804920305711608
0.6296296296296298 0.7911837022228205
0.617283950617284 0.7911837022228205
0.6111111111111112 0.8018753738744803
0.6049382716049383 0.7911837022228205
0.5925925925925926 0.7911837022228204
0.5987654320987655 0.7804920305711607
0.5925925925925927 0.7698003589195009
0.5802469135802469 0.7698003589195009
0.5740740740740742 0.7804920305711607
0.5679012345679013 0.7698003589195009
0.5555555555555556 0.7698003589195009
0.5493827160493827 0.7804920305711607
0.5555555555555556 0.7911837022228203
0.54320987654321 0.7911837022228204
0.5370370370370371 0.8018753738744802
0.54320987654321 0.8125670455261399
0.5555555555555556 0.81256704552614
0.5493827160493827 0.8232587171777997
0.5555555555555556 0.8339503888294595
0.5432098765432098 0.8339503888294595
0.537037037037037 0.8446420604811192
0.5308641975308642 0.8339503888294594
0.5185185185185185 0.8339503888294594
0.5123456790123456 0.8446420604811191
0.5185185185185186 0.8553337321327787
0.5061728395061729 0.8553337321327789
0.5 0.8660254037844386
0.4938271604938272 0.8553337321327789
0.4814814814814815 0.8553337321327787
0.4876543209876543 0.8446420604811191
0.4814814814814815 0.8339503888294594
0.46913580246913583 0.8339503888294594
0.46296296296296297 0.8446420604811191
0.4567901234567901 0.8339503888294594
0.4444444444444444 0.8339503888294594
0.4506172839506173 0.8232587171777996
0.4444444444444445 0.8125670455261399
0.4567901234567901 0.8125670455261399
0.46296296296296297 0.8018753738744802
0.45679012345679015 0.7911837022228204
0.4444444444444445 0.7911837022228203
0.4506172839506173 0.7804920305711607
0.4444444444444445 0.7698003589195009
0.4320987654320988 0.7698003589195009
0.42592592592592593 0.7804920305711607
0.4197530864197531 0.7698003589195009
0.40740740740740744 0.7698003589195009
0.40123456790123463 0.7804920305711607
0.40740740740740744 0.7911837022228203
0.39506172839506176 0.7911837022228204
0.38888888888888895 0.8018753738744802
0.3827160493827161 0.7911837022228204
0.3703703703703704 0.7911837022228204
0.37654320987654327 0.7804920305711607
0.3703703703703704 0.7698003589195009
0.3580246913580247 0.7698003589195009
0.35185185185185186 0.7804920305711607
0.34567901234567905 0.7698003589195009
0.33333333333333337 0.7698003589195009
0.3395061728395062 0.7591086872678412
0.33333333333333337 0.7484170156161816
0.34567901234567905 0.7484170156161815
0.35185185185185186 0.7377253439645217
0.34567901234567905 0.727033672312862
0.3333333333333334 0.727033672312862
0.33950617283950624 0.7163420006612023
0.3333333333333334 0.7056503290095426
0.3456790123456791 0.7056503290095426
0.3518518518518519 0.6949586573578829
0.3580246913580247 0.7056503290095426
0.3703703703703704 0.7056503290095426
0.3765432098765432 0.6949586573578829
0.3703703703703704 0.6842669857062231
0.3827160493827161 0.6842669857062231
0.3888888888888889 0.6735753140545634
0.3827160493827161 0.6628836424029037
0.3703703703703704 0.6628836424029037
0.3765432098765432 0.6521919707512439
0.3703703703703704 0.6415002990995842
0.3580246913580247 0.6415002990995842
0.3518518518518518 0.6521919707512439
0.34567901234567905 0.6415002990995841
0.33333333333333337 0.6415002990995841
0.3395061728395062 0.6308086274479243
0.33333333333333337 0.6201169557962647
0.34567901234567905 0.6201169557962647
0.35185185185185186 0.609425284144605
0.34567901234567905 0.5987336124929452
0.33333333333333337 0.5987336124929452
0.3395061728395062 0.5880419408412855
0.33333333333333337 0.5773502691896257
0.3209876543209877 0.5773502691896257
0.3148148148148149 0.5880419408412855
0.308641975308642 0.5773502691896257
0.29629629629629634 0.5773502691896257
0.29012345679012347 0.5880419408412855
0.29629629629629634 0.5987336124929453
0.28395061728395066 0.5987336124929452
0.2777777777777778 0.609425284144605
0.271604938271605 0.5987336124929452
0.2592592592592593 0.5987336124929452
0.2654320987654321 0.5880419408412855
0.2592592592592593 0.5773502691896257
0.24691358024691362 0.5773502691896257
0.24074074074074078 0.5880419408412855
0.23456790123456794 0.5773502691896257
0.22222222222222227 0.5773502691896257
0.21604938271604943 0.5880419408412855
0.2222222222222223 0.5987336124929452
0.2098765432098766 0.5987336124929452
0.20370370370370375 0.609425284144605
0.2098765432098766 0.6201169557962647
0.2222222222222223 0.6201169557962647
0.21604938271604943 0.6308086274479244
0.22222222222222227 0.6415002990995842
0.2098765432098766 0.6415002990995842
0.20370370370370372 0.6521919707512439
0.19753086419753088 0.6415002990995842
0.1851851851851852 0.6415002990995842
0.17901234567901236 0.6521919707512439
0.1851851851851852 0.6628836424029037
0.17283950617283952 0.6628836424029037
0.16666666666666669 0.6735753140545634
0.16049382716049385 0.6628836424029037
0.14814814814814817 0.6628836424029037
0.154320987654321 0.6521919707512439
0.14814814814814817 0.6415002990995842
0.1358024691358025 0.6415002990995842
0.12962962962962962 0.6521919707512439
0.1234567901234568 0.6415002990995841
0.1111111111111111 0.6415002990995841
0.11728395061728396 0.6308086274479243
0.11111111111111115 0.6201169557962646
0.1234567901234568 0.6201169557962647
0.12962962962962965 0.609425284144605
0.12345679012345681 0.5987336124929452
0.11111111111111113 0.5987336124929452
0.11728395061728397 0.5880419408412855
0.11111111111111113 0.5773502691896257
0.09876543209876545 0.5773502691896257
0.09259259259259262 0.5880419408412855
0.08641975308641978 0.5773502691896257
0.0740740740740741 0.5773502691896257
0.06790123456790126 0.5880419408412855
0.0740740740740741 0.5987336124929452
0.06172839506172842 0.5987336124929452
0.05555555555555558 0.609425284144605
0.04938271604938274 0.5987336124929452
0.037037037037037056 0.5987336124929452
0.0432098765432099 0.5880419408412855
0.03703703703703706 0.5773502691896257
0.024691358024691384 0.5773502691896257
0.018518518518518545 0.5880419408412855
0.012345679012345706 0.5773502691896257
2.7755575615628914e-17 0.5773502691896257
0.006172839506172867 0.566658597537966
2.2551405187698492e-17 0.5559669258863063
0.012345679012345706 0.5559669258863063
0.018518518518518545 0.5452752542346465
0.01234567901234571 0.5345835825829868
5.898059818321144e-17 0.5345835825829868
0.006172839506172872 0.5238919109313271
3.469446951953614e-17 0.5132002392796674
0.012345679012345711 0.5132002392796674
0.018518518518518517 0.5025085676280076
0.024691358024691388 0.5132002392796673
0.03703703703703706 0.5132002392796673
0.0432098765432099 0.5025085676280076
0.03703703703703708 0.49181689597634787
0.04938271604938274 0.49181689597634787
0.05555555555555558 0.4811252243246881
0.04938271604938274 0.4704335526730284
0.037037037037037056 0.4704335526730284
0.0432098765432099 0.45974188102136865
0.03703703703703706 0.4490502093697089
0.024691358024691377 0.4490502093697089
0.01851851851851854 0.45974188102136865
0.012345679012345696 0.4490502093697089
1.0408340855860843e-17 0.4490502093697089
0.006172839506172853 0.43835853771804917
1.0408340855860843e-17 0.42766686606638943
0.012345679012345696 0.42766686606638943
0.01851851851851854 0.4169751944147297
0.012345679012345696 0.40628352276306995
1.214306433183765e-17 0.40628352276306995
0.006172839506172855 0.3955918511114102
1.3877787807814457e-17 0.38490017945975047
0.012345679012345694 0.38490017945975047
0.018518518518518535 0.37420850780809073
0.024691358024691374 0.38490017945975047
0.037037037037037056 0.38490017945975047
0.0432098765432099 0.37420850780809073
0.03703703703703708 0.363516836156431
0.04938271604938274 0.36351683615643104
0.05555555555555559 0.3528251645047713
0.061728395061728426 0.36351683615643104
0.0740740740740741 0.36351683615643104
0.06790123456790126 0.3742085078080908
0.0740740740740741 0.3849001794597505
0.08641975308641978 0.3849001794597505
0.09259259259259262 0.3742085078080908
0.09876543209876545 0.3849001794597505
0.11111111111111113 0.3849001794597505
0.11728395061728397 0.3742085078080908
0.11111111111111113 0.36351683615643104
0.12345679012345681 0.36351683615643104
0.12962962962962965 0.3528251645047713
0.1234567901234568 0.34213349285311156
0.11111111111111112 0.34213349285311156
0.11728395061728396 0.3314418212014518
0.1111111111111111 0.3207501495497921
0.1234567901234568 0.3207501495497921
0.12962962962962965 0.31005847789813235
0.1358024691358025 0.3207501495497921
0.14814814814814817 0.3207501495497921
0.154320987654321 0.31005847789813235
0.14814814814814817 0.2993668062464726
0.16049382716049385 0.2993668062464726
0.16666666666666669 0.28867513459481287
0.16049382716049385 0.2779834629431531
0.14814814814814817 0.2779834629431531
0.154320987654321 0.2672917912914934
0.14814814814814817 0.25660011963983365
0.1358024691358025 0.25660011963983365
0.12962962962962965 0.2672917912914934
0.12345679012345681 0.25660011963983365
0.11111111111111113 0.25660011963983365
0.11728395061728397 0.24590844798817393
0.11111111111111115 0.2352167763365142
0.12345679012345681 0.2352167763365142
0.12962962962962965 0.22452510468485448
0.12345679012345681 0.21383343303319474
0.11111111111111113 0.21383343303319474
0.11728395061728397 0.203141761381535
0.11111111111111113 0.19245008972987526
0.09876543209876545 0.19245008972987526
0.09259259259259262 0.203141761381535
0.08641975308641978 0.19245008972987526
0.0740740740740741 0.19245008972987526
0.06790123456790126 0.203141761381535
0.07407407407407408 0.21383343303319474
0.06172839506172841 0.21383343303319474
0.055555555555555566 0.22452510468485448
0.04938271604938273 0.21383343303319474
0.03703703703703704 0.21383343303319474
0.04320987654320989 0.203141761381535
0.03703703703703705 0.19245008972987526
0.024691358024691364 0.19245008972987526
0.018518518518518524 0.203141761381535
0.012345679012345682 0.19245008972987526
0.0 0.19245008972987526
0.00617283950617284 0.18175841807821552
-3.469446951953614e-18 0.17106674642655578
0.01234567901234568 0.17106674642655578
0.01851851851851852 0.16037507477489604
0.012345679012345682 0.1496834031232363
0.0 0.1496834031232363
0.006172839506172844 0.13899173147157656
6.938893903907228e-18 0.12830005981991682
0.012345679012345685 0.12830005981991682
0.018518518518518524 0.11760838816825708
0.024691358024691364 0.12830005981991682
0.03703703703703704 0.12830005981991682
0.04320987654320988 0.1176083881682571
0.03703703703703705 0.10691671651659736
0.04938271604938273 0.10691671651659736
0.055555555555555566 0.09622504486493763
0.04938271604938273 0.08553337321327789
0.03703703703703704 0.08553337321327789
0.04320987654320989 0.07484170156161815
0.03703703703703705 0.06415002990995841
0.02469135802469137 0.06415002990995841
0.01851851851851853 0.07484170156161815
0.012345679012345689 0.06415002990995843
6.938893903907228e-18 0.06415002990995843
0.006172839506172846 0.053458358258298685
1.734723475976807e-18 0.042766686606638946
0.012345679012345685 0.042766686606638946
0.018518518518518524 0.032075014954979206
0.012345679012345682 0.021383343303319473
3.469446951953614e-18 0.021383343303319473
0.006172839506172841 0.010691671651659736
0 0
